5,1,426,316,71,185,1,-1,-1,-1
5,2,273,619,88,263,1,-1,-1,-1
5,3,1717,451,75,229,1,-1,-1,-1
5,4,800,142,71,176,1,-1,-1,-1
5,5,470,141,65,176,1,-1,-1,-1
5,6,348,316,67,173,1,-1,-1,-1
5,7,885,937,83,142,1,-1,-1,-1
5,8,984,474,86,232,1,-1,-1,-1
5,9,906,494,66,221,1,-1,-1,-1
5,10,311,169,64,188,1,-1,-1,-1
5,11,1680,38,57,171,1,-1,-1,-1
5,12,1367,987,125,92,1,-1,-1,-1
5,14,1404,8,62,159,1,-1,-1,-1
5,15,1585,20,48,135,1,-1,-1,-1
5,17,684,270,60,147,1,-1,-1,-1
5,18,1471,68,60,157,1,-1,-1,-1
5,19,1090,0,50,139,1,-1,-1,-1
6,1,425,315,73,190,1,-1,-1,-1
6,2,274,622,87,261,1,-1,-1,-1
6,3,1717,452,76,227,1,-1,-1,-1
6,4,800,142,71,176,1,-1,-1,-1
6,5,469,142,65,175,1,-1,-1,-1
6,6,348,318,66,171,1,-1,-1,-1
6,7,888,936,83,143,1,-1,-1,-1
6,8,982,469,87,235,1,-1,-1,-1
6,9,904,487,68,227,1,-1,-1,-1
6,10,312,170,62,186,1,-1,-1,-1
6,11,1680,38,58,174,1,-1,-1,-1
6,12,1361,980,133,99,1,-1,-1,-1
6,14,1404,8,62,159,1,-1,-1,-1
6,15,1586,20,49,136,1,-1,-1,-1
6,17,684,270,61,147,1,-1,-1,-1
6,18,1471,71,59,155,1,-1,-1,-1
6,19,1090,0,50,140,1,-1,-1,-1
8,1,424,313,74,194,1,-1,-1,-1
8,2,272,624,90,270,1,-1,-1,-1
8,3,1717,450,77,231,1,-1,-1,-1
8,4,800,141,70,177,1,-1,-1,-1
8,5,467,140,70,189,1,-1,-1,-1
8,6,350,319,66,170,1,-1,-1,-1
8,7,892,938,83,141,1,-1,-1,-1
8,8,979,465,88,239,1,-1,-1,-1
8,9,901,483,70,233,1,-1,-1,-1
8,10,312,171,62,185,1,-1,-1,-1
8,11,1682,42,56,169,1,-1,-1,-1
8,12,1359,976,136,103,1,-1,-1,-1
8,14,1404,7,62,160,1,-1,-1,-1
8,15,1587,23,48,132,1,-1,-1,-1
8,17,684,270,60,147,1,-1,-1,-1
8,18,1471,71,59,157,1,-1,-1,-1
8,19,1090,0,50,141,1,-1,-1,-1
9,1,424,315,73,193,1,-1,-1,-1
9,2,272,625,91,274,1,-1,-1,-1
9,3,1717,451,76,229,1,-1,-1,-1
9,4,800,141,70,176,1,-1,-1,-1
9,5,467,144,72,194,1,-1,-1,-1
9,6,350,319,66,170,1,-1,-1,-1
9,7,895,938,83,141,1,-1,-1,-1
9,8,978,459,90,246,1,-1,-1,-1
9,9,899,481,71,236,1,-1,-1,-1
9,10,312,170,62,185,1,-1,-1,-1
9,11,1682,40,57,173,1,-1,-1,-1
9,12,1356,974,138,105,1,-1,-1,-1
9,14,1405,6,62,162,1,-1,-1,-1
9,15,1587,23,47,130,1,-1,-1,-1
9,17,684,270,60,147,1,-1,-1,-1
9,19,1088,0,52,144,1,-1,-1,-1
11,1,424,315,73,193,1,-1,-1,-1
11,2,274,625,91,276,1,-1,-1,-1
11,3,1718,451,76,229,1,-1,-1,-1
11,4,799,141,71,176,1,-1,-1,-1
11,5,468,148,71,191,1,-1,-1,-1
11,6,350,318,67,173,1,-1,-1,-1
11,7,898,939,82,140,1,-1,-1,-1
11,8,977,458,89,248,1,-1,-1,-1
11,9,897,480,70,234,1,-1,-1,-1
11,10,311,169,63,187,1,-1,-1,-1
11,11,1684,38,58,175,1,-1,-1,-1
11,12,1350,970,140,109,1,-1,-1,-1
11,14,1405,5,63,164,1,-1,-1,-1
11,15,1586,27,47,126,1,-1,-1,-1
11,17,684,268,61,150,1,-1,-1,-1
11,19,1088,0,53,146,1,-1,-1,-1
11,21,1576,588,120,239,1,-1,-1,-1
12,1,424,315,73,193,1,-1,-1,-1
12,2,277,629,89,271,1,-1,-1,-1
12,3,1718,451,76,229,1,-1,-1,-1
12,4,799,141,71,176,1,-1,-1,-1
12,5,470,150,70,189,1,-1,-1,-1
12,6,348,316,69,177,1,-1,-1,-1
12,7,901,939,81,140,1,-1,-1,-1
12,8,976,456,89,252,1,-1,-1,-1
12,9,894,479,71,233,1,-1,-1,-1
12,10,311,168,63,188,1,-1,-1,-1
12,11,1684,36,59,178,1,-1,-1,-1
12,12,1348,969,138,110,1,-1,-1,-1
12,14,1405,6,63,162,1,-1,-1,-1
12,15,1585,28,47,125,1,-1,-1,-1
12,17,683,267,62,152,1,-1,-1,-1
12,19,1088,0,54,148,1,-1,-1,-1
12,21,1575,587,121,240,1,-1,-1,-1
12,22,410,157,52,186,1,-1,-1,-1
14,1,423,313,74,195,1,-1,-1,-1
14,2,280,636,86,263,1,-1,-1,-1
14,3,1718,451,75,227,1,-1,-1,-1
14,4,799,142,70,175,1,-1,-1,-1
14,5,471,151,66,178,1,-1,-1,-1
14,6,344,317,71,181,1,-1,-1,-1
14,7,904,940,81,139,1,-1,-1,-1
14,8,976,457,85,245,1,-1,-1,-1
14,9,894,478,70,231,1,-1,-1,-1
14,10,311,168,64,188,1,-1,-1,-1
14,11,1685,39,59,181,1,-1,-1,-1
14,12,1346,966,138,113,1,-1,-1,-1
14,14,1412,7,59,154,1,-1,-1,-1
14,15,1586,30,46,123,1,-1,-1,-1
14,17,684,270,60,148,1,-1,-1,-1
14,18,1499,12,48,123,1,-1,-1,-1
14,19,1088,0,55,151,1,-1,-1,-1
14,21,1573,586,123,243,1,-1,-1,-1
14,22,410,160,50,180,1,-1,-1,-1
15,1,424,314,72,194,1,-1,-1,-1
15,2,282,639,84,260,1,-1,-1,-1
15,3,1718,451,75,226,1,-1,-1,-1
15,4,799,142,70,175,1,-1,-1,-1
15,5,471,152,65,173,1,-1,-1,-1
15,6,344,322,70,180,1,-1,-1,-1
15,7,906,940,81,139,1,-1,-1,-1
15,8,975,454,86,253,1,-1,-1,-1
15,9,893,475,70,233,1,-1,-1,-1
15,10,312,168,63,188,1,-1,-1,-1
15,11,1684,40,60,184,1,-1,-1,-1
15,12,1345,964,138,115,1,-1,-1,-1
15,14,1414,7,59,151,1,-1,-1,-1
15,15,1586,32,47,120,1,-1,-1,-1
15,17,683,270,61,148,1,-1,-1,-1
15,18,1500,5,48,125,1,-1,-1,-1
15,19,1088,0,57,153,1,-1,-1,-1
15,21,1573,587,123,242,1,-1,-1,-1
15,22,410,163,49,176,1,-1,-1,-1
17,1,423,314,73,196,1,-1,-1,-1
17,2,281,639,86,262,1,-1,-1,-1
17,3,1718,451,75,226,1,-1,-1,-1
17,4,799,142,70,174,1,-1,-1,-1
17,5,468,151,72,196,1,-1,-1,-1
17,6,345,331,68,173,1,-1,-1,-1
17,7,908,939,81,140,1,-1,-1,-1
17,8,975,455,81,243,1,-1,-1,-1
17,9,892,472,69,229,1,-1,-1,-1
17,10,312,169,64,188,1,-1,-1,-1
17,11,1685,38,62,190,1,-1,-1,-1
17,12,1342,960,139,119,1,-1,-1,-1
17,14,1415,7,58,150,1,-1,-1,-1
17,15,1585,33,48,124,1,-1,-1,-1
17,17,683,268,61,151,1,-1,-1,-1
17,18,1499,1,50,127,1,-1,-1,-1
17,19,1088,0,59,157,1,-1,-1,-1
17,21,1573,588,122,240,1,-1,-1,-1
17,22,409,169,48,174,1,-1,-1,-1
18,1,422,313,74,198,1,-1,-1,-1
18,2,282,638,85,263,1,-1,-1,-1
18,3,1719,452,74,225,1,-1,-1,-1
18,4,799,142,70,175,1,-1,-1,-1
18,5,468,150,75,206,1,-1,-1,-1
18,6,344,334,68,174,1,-1,-1,-1
18,7,909,939,81,140,1,-1,-1,-1
18,8,974,457,76,230,1,-1,-1,-1
18,9,891,467,70,234,1,-1,-1,-1
18,10,312,168,64,191,1,-1,-1,-1
18,11,1687,39,61,188,1,-1,-1,-1
18,12,1339,951,145,128,1,-1,-1,-1
18,14,1415,7,59,151,1,-1,-1,-1
18,15,1585,32,49,123,1,-1,-1,-1
18,17,682,265,63,153,1,-1,-1,-1
18,18,1498,0,51,128,1,-1,-1,-1
18,19,1089,1,59,158,1,-1,-1,-1
18,21,1574,589,122,239,1,-1,-1,-1
18,22,406,171,50,177,1,-1,-1,-1
20,1,422,313,74,199,1,-1,-1,-1
20,2,284,640,86,261,1,-1,-1,-1
20,3,1719,452,74,226,1,-1,-1,-1
20,4,798,142,70,175,1,-1,-1,-1
20,5,469,151,74,206,1,-1,-1,-1
20,6,343,336,68,174,1,-1,-1,-1
20,7,911,939,80,140,1,-1,-1,-1
20,8,975,460,70,214,1,-1,-1,-1
20,9,892,468,67,221,1,-1,-1,-1
20,10,312,167,65,193,1,-1,-1,-1
20,11,1689,39,60,186,1,-1,-1,-1
20,12,1334,943,149,136,1,-1,-1,-1
20,14,1415,7,60,153,1,-1,-1,-1
20,15,1585,33,49,122,1,-1,-1,-1
20,17,683,264,63,154,1,-1,-1,-1
20,18,1498,0,50,125,1,-1,-1,-1
20,19,1091,1,60,160,1,-1,-1,-1
20,21,1574,589,122,239,1,-1,-1,-1
20,22,405,174,49,173,1,-1,-1,-1
21,1,422,315,73,200,1,-1,-1,-1
21,2,285,643,85,259,1,-1,-1,-1
21,3,1719,452,75,226,1,-1,-1,-1
21,4,798,142,69,175,1,-1,-1,-1
21,5,469,153,74,205,1,-1,-1,-1
21,6,342,339,68,172,1,-1,-1,-1
21,7,911,940,80,139,1,-1,-1,-1
21,8,973,456,70,212,1,-1,-1,-1
21,9,892,467,66,217,1,-1,-1,-1
21,10,312,167,64,192,1,-1,-1,-1
21,11,1689,36,60,189,1,-1,-1,-1
21,12,1329,938,150,141,1,-1,-1,-1
21,14,1416,7,60,153,1,-1,-1,-1
21,17,683,264,63,154,1,-1,-1,-1
21,18,1498,0,51,124,1,-1,-1,-1
21,19,1092,2,61,161,1,-1,-1,-1
21,21,1574,589,122,238,1,-1,-1,-1
21,22,405,175,49,172,1,-1,-1,-1
23,1,422,321,71,195,1,-1,-1,-1
23,2,290,654,81,247,1,-1,-1,-1
23,3,1719,452,75,226,1,-1,-1,-1
23,4,798,142,70,176,1,-1,-1,-1
23,5,470,156,73,203,1,-1,-1,-1
23,6,340,338,70,175,1,-1,-1,-1
23,7,911,939,80,140,1,-1,-1,-1
23,8,971,451,72,216,1,-1,-1,-1
23,9,891,466,64,210,1,-1,-1,-1
23,10,311,167,65,192,1,-1,-1,-1
23,11,1690,36,61,191,1,-1,-1,-1
23,12,1326,932,151,147,1,-1,-1,-1
23,14,1416,6,60,152,1,-1,-1,-1
23,15,1587,39,50,125,1,-1,-1,-1
23,17,683,266,62,152,1,-1,-1,-1
23,18,1499,0,51,118,1,-1,-1,-1
23,19,1096,2,60,162,1,-1,-1,-1
23,21,1574,590,122,236,1,-1,-1,-1
23,22,404,174,49,173,1,-1,-1,-1
23,24,1760,679,69,222,1,-1,-1,-1
24,1,421,325,70,192,1,-1,-1,-1
24,2,292,659,80,241,1,-1,-1,-1
24,3,1719,452,75,226,1,-1,-1,-1
24,4,798,142,70,176,1,-1,-1,-1
24,5,470,157,73,204,1,-1,-1,-1
24,6,339,338,70,175,1,-1,-1,-1
24,7,911,939,80,140,1,-1,-1,-1
24,8,970,448,73,217,1,-1,-1,-1
24,9,890,464,65,210,1,-1,-1,-1
24,10,311,165,65,194,1,-1,-1,-1
24,11,1691,35,61,195,1,-1,-1,-1
24,12,1326,929,149,150,1,-1,-1,-1
24,14,1417,6,59,152,1,-1,-1,-1
24,15,1587,40,51,126,1,-1,-1,-1
24,17,683,264,63,154,1,-1,-1,-1
24,19,1099,4,60,161,1,-1,-1,-1
24,21,1574,590,123,236,1,-1,-1,-1
24,22,404,174,50,173,1,-1,-1,-1
24,24,1759,680,69,221,1,-1,-1,-1
26,1,419,325,71,195,1,-1,-1,-1
26,2,294,665,78,236,1,-1,-1,-1
26,3,1718,451,75,228,1,-1,-1,-1
26,4,798,142,70,177,1,-1,-1,-1
26,5,471,159,72,204,1,-1,-1,-1
26,6,339,337,70,176,1,-1,-1,-1
26,7,911,938,81,141,1,-1,-1,-1
26,8,967,445,75,221,1,-1,-1,-1
26,9,888,462,66,213,1,-1,-1,-1
26,10,310,164,67,199,1,-1,-1,-1
26,11,1693,35,60,193,1,-1,-1,-1
26,12,1323,926,148,153,1,-1,-1,-1
26,14,1417,5,59,151,1,-1,-1,-1
26,15,1589,42,50,125,1,-1,-1,-1
26,17,683,263,64,156,1,-1,-1,-1
26,19,1102,6,60,161,1,-1,-1,-1
26,21,1575,589,123,236,1,-1,-1,-1
26,22,403,173,51,175,1,-1,-1,-1
26,24,1758,679,69,222,1,-1,-1,-1
27,1,417,328,72,197,1,-1,-1,-1
27,2,295,669,78,234,1,-1,-1,-1
27,3,1719,452,74,225,1,-1,-1,-1
27,4,798,142,70,177,1,-1,-1,-1
27,5,470,159,73,206,1,-1,-1,-1
27,6,339,339,71,176,1,-1,-1,-1
27,7,912,938,80,141,1,-1,-1,-1
27,8,965,444,77,222,1,-1,-1,-1
27,9,888,463,65,209,1,-1,-1,-1
27,10,311,163,67,202,1,-1,-1,-1
27,11,1696,48,57,181,1,-1,-1,-1
27,12,1320,923,147,156,1,-1,-1,-1
27,14,1417,4,59,152,1,-1,-1,-1
27,15,1590,42,51,130,1,-1,-1,-1
27,17,684,264,62,155,1,-1,-1,-1
27,19,1104,8,59,159,1,-1,-1,-1
27,21,1574,589,124,237,1,-1,-1,-1
27,22,402,174,51,176,1,-1,-1,-1
29,1,416,327,72,199,1,-1,-1,-1
29,2,297,672,79,236,1,-1,-1,-1
29,3,1719,453,74,224,1,-1,-1,-1
29,4,798,143,69,176,1,-1,-1,-1
29,5,469,160,73,208,1,-1,-1,-1
29,6,341,338,71,179,1,-1,-1,-1
29,7,912,938,80,141,1,-1,-1,-1
29,8,965,443,78,224,1,-1,-1,-1
29,9,886,463,64,206,1,-1,-1,-1
29,10,311,163,67,203,1,-1,-1,-1
29,11,1697,52,58,185,1,-1,-1,-1
29,12,1318,920,146,159,1,-1,-1,-1
29,14,1417,1,59,154,1,-1,-1,-1
29,15,1590,42,53,136,1,-1,-1,-1
29,17,682,262,64,157,1,-1,-1,-1
29,19,1105,10,60,160,1,-1,-1,-1
29,21,1575,589,123,237,1,-1,-1,-1
29,22,400,174,53,182,1,-1,-1,-1
29,24,1753,678,78,249,1,-1,-1,-1
30,1,416,330,71,195,1,-1,-1,-1
30,2,299,673,78,236,1,-1,-1,-1
30,3,1719,454,74,222,1,-1,-1,-1
30,4,799,143,69,177,1,-1,-1,-1
30,5,468,157,75,215,1,-1,-1,-1
30,6,343,341,69,176,1,-1,-1,-1
30,7,913,938,79,141,1,-1,-1,-1
30,8,965,441,78,227,1,-1,-1,-1
30,9,885,462,64,207,1,-1,-1,-1
30,10,311,163,68,201,1,-1,-1,-1
30,11,1698,57,57,184,1,-1,-1,-1
30,12,1316,916,146,163,1,-1,-1,-1
30,14,1417,0,60,155,1,-1,-1,-1
30,15,1591,43,53,137,1,-1,-1,-1
30,17,682,262,64,157,1,-1,-1,-1
30,19,1106,11,59,161,1,-1,-1,-1
30,21,1575,589,124,237,1,-1,-1,-1
30,22,398,175,55,185,1,-1,-1,-1
30,24,1752,677,79,254,1,-1,-1,-1
30,27,237,129,64,171,1,-1,-1,-1
32,1,417,334,69,190,1,-1,-1,-1
32,2,298,666,84,251,1,-1,-1,-1
32,3,1720,454,73,221,1,-1,-1,-1
32,4,799,143,69,177,1,-1,-1,-1
32,5,468,157,76,220,1,-1,-1,-1
32,6,342,348,69,174,1,-1,-1,-1
32,7,913,939,78,140,1,-1,-1,-1
32,8,964,439,80,229,1,-1,-1,-1
32,9,882,459,64,207,1,-1,-1,-1
32,10,311,164,67,201,1,-1,-1,-1
32,11,1699,61,57,183,1,-1,-1,-1
32,12,1311,907,149,172,1,-1,-1,-1
32,14,1419,0,58,154,1,-1,-1,-1
32,17,682,261,64,158,1,-1,-1,-1
32,19,1107,15,59,160,1,-1,-1,-1
32,21,1575,589,124,237,1,-1,-1,-1
32,22,396,178,55,186,1,-1,-1,-1
32,24,1753,676,78,256,1,-1,-1,-1
32,27,238,129,65,172,1,-1,-1,-1
33,1,417,336,68,189,1,-1,-1,-1
33,2,297,665,87,256,1,-1,-1,-1
33,3,1719,455,73,220,1,-1,-1,-1
33,4,800,143,68,177,1,-1,-1,-1
33,5,468,157,76,221,1,-1,-1,-1
33,6,342,353,68,173,1,-1,-1,-1
33,7,912,940,78,139,1,-1,-1,-1
33,8,963,435,81,233,1,-1,-1,-1
33,9,880,457,63,207,1,-1,-1,-1
33,10,312,165,66,199,1,-1,-1,-1
33,11,1701,65,55,179,1,-1,-1,-1
33,12,1306,901,149,178,1,-1,-1,-1
33,14,1420,0,57,151,1,-1,-1,-1
33,17,682,260,65,159,1,-1,-1,-1
33,19,1108,14,58,157,1,-1,-1,-1
33,21,1575,590,124,235,1,-1,-1,-1
33,22,394,180,56,185,1,-1,-1,-1
33,24,1753,677,78,256,1,-1,-1,-1
33,27,238,128,65,173,1,-1,-1,-1
35,1,417,343,67,186,1,-1,-1,-1
35,2,297,665,88,261,1,-1,-1,-1
35,3,1719,454,74,222,1,-1,-1,-1
35,4,799,143,69,177,1,-1,-1,-1
35,5,470,157,75,221,1,-1,-1,-1
35,6,342,355,69,173,1,-1,-1,-1
35,7,911,942,77,137,1,-1,-1,-1
35,8,964,431,78,226,1,-1,-1,-1
35,9,878,453,62,202,1,-1,-1,-1
35,10,312,167,66,197,1,-1,-1,-1
35,11,1701,65,55,181,1,-1,-1,-1
35,12,1300,894,150,185,1,-1,-1,-1
35,14,1420,0,57,149,1,-1,-1,-1
35,17,683,263,63,156,1,-1,-1,-1
35,19,1107,15,59,161,1,-1,-1,-1
35,21,1575,590,124,235,1,-1,-1,-1
35,22,393,184,55,179,1,-1,-1,-1
35,24,1752,676,79,260,1,-1,-1,-1
35,27,238,129,65,172,1,-1,-1,-1
36,1,417,344,67,186,1,-1,-1,-1
36,2,296,665,91,263,1,-1,-1,-1
36,3,1719,453,74,223,1,-1,-1,-1
36,4,800,143,68,177,1,-1,-1,-1
36,5,470,158,75,219,1,-1,-1,-1
36,6,342,353,69,177,1,-1,-1,-1
36,7,911,942,76,137,1,-1,-1,-1
36,8,965,430,77,220,1,-1,-1,-1
36,9,876,449,62,203,1,-1,-1,-1
36,10,312,169,65,194,1,-1,-1,-1
36,11,1701,69,55,178,1,-1,-1,-1
36,12,1298,889,148,190,1,-1,-1,-1
36,14,1420,0,56,148,1,-1,-1,-1
36,17,683,265,63,153,1,-1,-1,-1
36,19,1108,16,58,162,1,-1,-1,-1
36,21,1576,592,123,232,1,-1,-1,-1
36,22,392,186,55,177,1,-1,-1,-1
36,27,238,130,64,170,1,-1,-1,-1
38,1,417,348,66,186,1,-1,-1,-1
38,2,297,664,94,270,1,-1,-1,-1
38,3,1720,454,73,222,1,-1,-1,-1
38,4,800,143,68,177,1,-1,-1,-1
38,5,473,164,70,204,1,-1,-1,-1
38,6,340,349,72,183,1,-1,-1,-1
38,7,910,945,75,134,1,-1,-1,-1
38,8,965,426,76,219,1,-1,-1,-1
38,9,875,446,62,203,1,-1,-1,-1
38,10,313,171,63,188,1,-1,-1,-1
38,11,1702,71,54,178,1,-1,-1,-1
38,12,1297,886,145,193,1,-1,-1,-1
38,14,1420,0,56,148,1,-1,-1,-1
38,17,683,265,63,153,1,-1,-1,-1
38,19,1107,15,59,166,1,-1,-1,-1
38,21,1576,592,123,232,1,-1,-1,-1
38,22,392,188,53,172,1,-1,-1,-1
38,24,1753,679,76,251,1,-1,-1,-1
38,27,238,130,63,170,1,-1,-1,-1
38,29,467,8,45,138,1,-1,-1,-1
39,1,416,349,67,189,1,-1,-1,-1
39,2,298,665,95,275,1,-1,-1,-1
39,3,1719,453,75,225,1,-1,-1,-1
39,4,801,144,67,176,1,-1,-1,-1
39,5,474,167,67,194,1,-1,-1,-1
39,6,340,348,72,186,1,-1,-1,-1
39,7,909,945,74,134,1,-1,-1,-1
39,8,965,422,75,222,1,-1,-1,-1
39,9,875,443,61,204,1,-1,-1,-1
39,10,313,171,63,187,1,-1,-1,-1
39,12,1298,886,140,193,1,-1,-1,-1
39,14,1420,0,55,147,1,-1,-1,-1
39,17,683,265,63,153,1,-1,-1,-1
39,19,1107,14,60,172,1,-1,-1,-1
39,22,390,189,53,171,1,-1,-1,-1
39,24,1752,679,77,251,1,-1,-1,-1
39,27,237,131,64,169,1,-1,-1,-1
39,29,466,8,46,139,1,-1,-1,-1
41,1,414,351,68,190,1,-1,-1,-1
41,2,299,668,96,277,1,-1,-1,-1
41,3,1720,454,73,222,1,-1,-1,-1
41,4,801,144,67,176,1,-1,-1,-1
41,5,472,162,73,211,1,-1,-1,-1
41,6,341,350,71,182,1,-1,-1,-1
41,7,910,946,73,133,1,-1,-1,-1
41,8,965,418,75,224,1,-1,-1,-1
41,9,874,441,62,205,1,-1,-1,-1
41,10,313,170,65,189,1,-1,-1,-1
41,12,1295,878,142,200,1,-1,-1,-1
41,14,1421,0,54,147,1,-1,-1,-1
41,17,684,267,61,151,1,-1,-1,-1
41,19,1107,15,60,175,1,-1,-1,-1
41,22,388,193,55,171,1,-1,-1,-1
41,24,1752,678,77,255,1,-1,-1,-1
41,27,237,130,64,170,1,-1,-1,-1
41,29,466,7,45,138,1,-1,-1,-1
42,1,413,351,69,193,1,-1,-1,-1
42,2,300,671,97,279,1,-1,-1,-1
42,3,1720,454,73,222,1,-1,-1,-1
42,4,800,144,68,176,1,-1,-1,-1
42,5,471,161,74,215,1,-1,-1,-1
42,6,341,351,71,182,1,-1,-1,-1
42,7,910,947,73,132,1,-1,-1,-1
42,8,964,417,75,224,1,-1,-1,-1
42,9,872,436,63,211,1,-1,-1,-1
42,10,312,170,66,190,1,-1,-1,-1
42,11,1705,76,53,174,1,-1,-1,-1
42,12,1292,872,142,207,1,-1,-1,-1
42,14,1421,0,54,146,1,-1,-1,-1
42,17,684,266,62,152,1,-1,-1,-1
42,19,1108,18,59,173,1,-1,-1,-1
42,21,1576,593,123,230,1,-1,-1,-1
42,22,388,192,54,169,1,-1,-1,-1
42,24,1753,676,77,259,1,-1,-1,-1
42,27,236,131,65,170,1,-1,-1,-1
42,29,465,7,46,138,1,-1,-1,-1
42,31,416,63,62,177,1,-1,-1,-1
44,1,410,346,73,204,1,-1,-1,-1
44,2,304,680,94,272,1,-1,-1,-1
44,3,1720,454,73,222,1,-1,-1,-1
44,4,800,143,68,176,1,-1,-1,-1
44,5,470,164,75,216,1,-1,-1,-1
44,6,338,353,70,182,1,-1,-1,-1
44,7,910,948,73,131,1,-1,-1,-1
44,8,963,414,76,229,1,-1,-1,-1
44,9,872,439,62,207,1,-1,-1,-1
44,10,312,170,66,191,1,-1,-1,-1
44,11,1706,78,53,173,1,-1,-1,-1
44,12,1291,872,137,206,1,-1,-1,-1
44,14,1421,0,54,145,1,-1,-1,-1
44,17,683,264,64,154,1,-1,-1,-1
44,19,1108,25,59,170,1,-1,-1,-1
44,21,1576,593,123,230,1,-1,-1,-1
44,22,388,193,52,164,1,-1,-1,-1
44,24,1753,675,78,261,1,-1,-1,-1
44,27,236,130,65,171,1,-1,-1,-1
44,31,417,66,60,171,1,-1,-1,-1
45,1,409,343,75,211,1,-1,-1,-1
45,2,306,687,92,269,1,-1,-1,-1
45,3,1720,455,73,221,1,-1,-1,-1
45,4,801,144,67,174,1,-1,-1,-1
45,5,471,172,72,210,1,-1,-1,-1
45,6,341,356,70,181,1,-1,-1,-1
45,7,911,952,70,127,1,-1,-1,-1
45,8,962,412,77,235,1,-1,-1,-1
45,9,872,441,61,204,1,-1,-1,-1
45,10,311,169,67,192,1,-1,-1,-1
45,11,1711,87,53,173,1,-1,-1,-1
45,12,1290,871,134,207,1,-1,-1,-1
45,14,1422,0,53,144,1,-1,-1,-1
45,15,1594,59,66,172,1,-1,-1,-1
45,17,683,262,64,156,1,-1,-1,-1
45,19,1109,29,59,168,1,-1,-1,-1
45,22,387,193,52,163,1,-1,-1,-1
45,24,1754,675,77,259,1,-1,-1,-1
45,27,236,130,65,171,1,-1,-1,-1
45,31,418,67,59,170,1,-1,-1,-1
47,1,407,340,78,219,1,-1,-1,-1
47,2,306,691,93,272,1,-1,-1,-1
47,3,1720,454,74,223,1,-1,-1,-1
47,4,801,144,67,174,1,-1,-1,-1
47,5,470,178,71,205,1,-1,-1,-1
47,6,336,359,71,184,1,-1,-1,-1
47,7,911,954,70,125,1,-1,-1,-1
47,8,961,410,77,237,1,-1,-1,-1
47,9,870,437,63,208,1,-1,-1,-1
47,10,310,169,68,193,1,-1,-1,-1
47,11,1712,86,55,179,1,-1,-1,-1
47,12,1287,870,131,208,1,-1,-1,-1
47,14,1422,0,54,144,1,-1,-1,-1
47,15,1595,61,66,170,1,-1,-1,-1
47,17,683,263,63,155,1,-1,-1,-1
47,19,1109,31,60,169,1,-1,-1,-1
47,22,387,195,51,161,1,-1,-1,-1
47,24,1754,677,77,257,1,-1,-1,-1
47,27,236,130,65,170,1,-1,-1,-1
47,31,418,67,59,169,1,-1,-1,-1
48,1,406,339,79,223,1,-1,-1,-1
48,2,306,692,92,275,1,-1,-1,-1
48,3,1720,454,74,223,1,-1,-1,-1
48,4,801,144,67,173,1,-1,-1,-1
48,5,469,179,71,204,1,-1,-1,-1
48,6,335,363,70,183,1,-1,-1,-1
48,7,911,955,70,124,1,-1,-1,-1
48,8,961,411,74,229,1,-1,-1,-1
48,9,869,433,64,212,1,-1,-1,-1
48,10,310,169,68,193,1,-1,-1,-1
48,11,1714,87,54,179,1,-1,-1,-1
48,12,1285,868,128,210,1,-1,-1,-1
48,14,1422,0,54,143,1,-1,-1,-1
48,15,1596,62,65,169,1,-1,-1,-1
48,17,683,263,63,155,1,-1,-1,-1
48,19,1108,31,61,171,1,-1,-1,-1
48,24,1754,675,77,260,1,-1,-1,-1
48,27,236,130,65,170,1,-1,-1,-1
48,31,420,68,58,168,1,-1,-1,-1
48,32,1479,106,47,151,1,-1,-1,-1
50,1,405,342,76,218,1,-1,-1,-1
50,2,304,693,92,273,1,-1,-1,-1
50,3,1720,453,75,225,1,-1,-1,-1
50,4,801,144,67,174,1,-1,-1,-1
50,5,469,183,69,198,1,-1,-1,-1
50,6,329,366,71,184,1,-1,-1,-1
50,7,911,955,69,124,1,-1,-1,-1
50,8,960,409,71,221,1,-1,-1,-1
50,9,868,431,63,211,1,-1,-1,-1
50,10,311,170,68,192,1,-1,-1,-1
50,11,1715,91,54,173,1,-1,-1,-1
50,12,1281,863,129,214,1,-1,-1,-1
50,14,1423,0,52,141,1,-1,-1,-1
50,15,1597,63,65,169,1,-1,-1,-1
50,17,683,261,64,156,1,-1,-1,-1
50,19,1109,33,60,169,1,-1,-1,-1
50,24,1754,675,77,260,1,-1,-1,-1
50,27,237,130,64,169,1,-1,-1,-1
50,31,421,70,57,166,1,-1,-1,-1
50,32,1479,106,48,152,1,-1,-1,-1
51,1,405,347,74,212,1,-1,-1,-1
51,2,303,693,91,273,1,-1,-1,-1
51,3,1720,452,75,226,1,-1,-1,-1
51,4,801,143,68,175,1,-1,-1,-1
51,5,468,185,68,196,1,-1,-1,-1
51,6,326,367,71,185,1,-1,-1,-1
51,7,910,955,70,124,1,-1,-1,-1
51,8,960,407,69,217,1,-1,-1,-1
51,9,868,427,61,202,1,-1,-1,-1
51,10,311,169,68,194,1,-1,-1,-1
51,11,1716,93,53,171,1,-1,-1,-1
51,12,1278,857,128,219,1,-1,-1,-1
51,14,1423,0,52,140,1,-1,-1,-1
51,15,1598,62,64,168,1,-1,-1,-1
51,17,683,263,63,154,1,-1,-1,-1
51,19,1110,33,59,167,1,-1,-1,-1
51,24,1754,674,77,261,1,-1,-1,-1
51,27,237,130,64,169,1,-1,-1,-1
51,31,421,70,58,165,1,-1,-1,-1
51,32,1479,107,48,151,1,-1,-1,-1
53,1,404,350,74,208,1,-1,-1,-1
53,2,303,694,90,272,1,-1,-1,-1
53,3,1719,450,76,230,1,-1,-1,-1
53,4,800,142,69,176,1,-1,-1,-1
53,5,465,187,70,203,1,-1,-1,-1
53,6,326,378,70,177,1,-1,-1,-1
53,7,910,956,69,123,1,-1,-1,-1
53,8,955,400,71,220,1,-1,-1,-1
53,9,866,423,62,202,1,-1,-1,-1
53,10,311,169,69,194,1,-1,-1,-1
53,11,1717,93,53,170,1,-1,-1,-1
53,12,1276,851,129,225,1,-1,-1,-1
53,15,1600,62,63,166,1,-1,-1,-1
53,17,683,262,63,155,1,-1,-1,-1
53,19,1114,37,57,159,1,-1,-1,-1
53,24,1753,672,78,266,1,-1,-1,-1
53,27,237,131,64,167,1,-1,-1,-1
53,31,421,69,57,164,1,-1,-1,-1
53,32,1478,108,48,149,1,-1,-1,-1
54,1,404,351,73,207,1,-1,-1,-1
54,2,303,697,89,272,1,-1,-1,-1
54,3,1719,449,76,231,1,-1,-1,-1
54,4,801,142,68,176,1,-1,-1,-1
54,5,463,186,71,209,1,-1,-1,-1
54,6,327,383,68,173,1,-1,-1,-1
54,7,910,956,69,123,1,-1,-1,-1
54,8,951,396,71,222,1,-1,-1,-1
54,9,866,421,62,199,1,-1,-1,-1
54,10,312,170,68,193,1,-1,-1,-1
54,11,1717,94,54,171,1,-1,-1,-1
54,12,1276,844,128,229,1,-1,-1,-1
54,15,1601,64,62,165,1,-1,-1,-1
54,17,683,262,63,155,1,-1,-1,-1
54,19,1117,39,55,156,1,-1,-1,-1
54,22,371,208,54,170,1,-1,-1,-1
54,24,1753,670,78,269,1,-1,-1,-1
54,27,237,131,64,167,1,-1,-1,-1
54,31,421,68,58,164,1,-1,-1,-1
54,32,1477,109,49,148,1,-1,-1,-1
56,1,400,350,76,215,1,-1,-1,-1
56,2,305,700,88,267,1,-1,-1,-1
56,3,1718,448,77,233,1,-1,-1,-1
56,4,801,142,68,176,1,-1,-1,-1
56,5,462,189,70,208,1,-1,-1,-1
56,6,326,384,68,172,1,-1,-1,-1
56,7,910,956,70,123,1,-1,-1,-1
56,8,949,393,71,225,1,-1,-1,-1
56,9,866,418,60,196,1,-1,-1,-1
56,10,311,170,68,193,1,-1,-1,-1
56,11,1719,95,54,174,1,-1,-1,-1
56,12,1273,838,130,237,1,-1,-1,-1
56,15,1603,67,60,164,1,-1,-1,-1
56,17,683,263,63,153,1,-1,-1,-1
56,19,1122,42,55,154,1,-1,-1,-1
56,22,369,212,53,168,1,-1,-1,-1
56,24,1754,669,77,271,1,-1,-1,-1
56,31,419,65,61,171,1,-1,-1,-1
56,32,1477,108,49,150,1,-1,-1,-1
57,1,399,351,76,217,1,-1,-1,-1
57,2,306,701,87,266,1,-1,-1,-1
57,3,1718,448,77,233,1,-1,-1,-1
57,4,801,142,68,175,1,-1,-1,-1
57,5,461,191,69,207,1,-1,-1,-1
57,6,326,385,68,171,1,-1,-1,-1
57,7,910,956,70,123,1,-1,-1,-1
57,8,949,392,70,223,1,-1,-1,-1
57,9,865,417,62,197,1,-1,-1,-1
57,10,311,170,68,192,1,-1,-1,-1
57,11,1719,95,55,175,1,-1,-1,-1
57,12,1271,835,129,242,1,-1,-1,-1
57,15,1605,69,59,163,1,-1,-1,-1
57,17,683,262,63,155,1,-1,-1,-1
57,19,1124,44,55,153,1,-1,-1,-1
57,22,368,215,53,165,1,-1,-1,-1
57,24,1754,670,77,269,1,-1,-1,-1
57,27,237,129,64,168,1,-1,-1,-1
57,31,419,64,62,174,1,-1,-1,-1
57,32,1477,107,50,152,1,-1,-1,-1
59,1,398,355,75,215,1,-1,-1,-1
59,2,307,705,85,262,1,-1,-1,-1
59,3,1718,447,76,234,1,-1,-1,-1
59,4,800,142,69,175,1,-1,-1,-1
59,5,461,198,68,201,1,-1,-1,-1
59,6,327,385,66,169,1,-1,-1,-1
59,7,910,956,70,123,1,-1,-1,-1
59,8,948,391,70,222,1,-1,-1,-1
59,9,864,416,62,198,1,-1,-1,-1
59,10,311,170,68,191,1,-1,-1,-1
59,11,1720,97,56,181,1,-1,-1,-1
59,12,1267,833,127,243,1,-1,-1,-1
59,15,1608,72,58,162,1,-1,-1,-1
59,17,683,264,63,153,1,-1,-1,-1
59,19,1125,46,56,156,1,-1,-1,-1
59,22,368,215,54,167,1,-1,-1,-1
59,24,1754,669,77,272,1,-1,-1,-1
59,27,236,128,65,168,1,-1,-1,-1
59,31,419,64,63,177,1,-1,-1,-1
59,32,1477,107,50,154,1,-1,-1,-1
60,1,398,359,74,212,1,-1,-1,-1
60,2,307,708,85,260,1,-1,-1,-1
60,3,1718,446,76,235,1,-1,-1,-1
60,4,801,142,68,175,1,-1,-1,-1
60,5,461,200,67,199,1,-1,-1,-1
60,6,326,386,66,167,1,-1,-1,-1
60,7,909,956,71,123,1,-1,-1,-1
60,8,947,391,70,221,1,-1,-1,-1
60,9,863,415,63,199,1,-1,-1,-1
60,10,311,170,67,190,1,-1,-1,-1
60,11,1721,99,56,184,1,-1,-1,-1
60,12,1266,832,125,242,1,-1,-1,-1
60,15,1610,75,57,159,1,-1,-1,-1
60,17,683,264,63,153,1,-1,-1,-1
60,19,1125,47,56,156,1,-1,-1,-1
60,22,368,215,54,169,1,-1,-1,-1
60,24,1755,670,76,269,1,-1,-1,-1
60,27,236,127,65,169,1,-1,-1,-1
60,31,419,64,63,179,1,-1,-1,-1
60,32,1476,108,51,153,1,-1,-1,-1
62,1,397,361,74,212,1,-1,-1,-1
62,2,310,717,82,253,1,-1,-1,-1
62,3,1718,449,75,230,1,-1,-1,-1
62,4,801,142,68,175,1,-1,-1,-1
62,5,462,203,66,194,1,-1,-1,-1
62,6,326,385,67,171,1,-1,-1,-1
62,7,909,956,71,123,1,-1,-1,-1
62,8,948,392,69,220,1,-1,-1,-1
62,9,863,413,64,201,1,-1,-1,-1
62,10,312,168,67,192,1,-1,-1,-1
62,11,1722,101,57,185,1,-1,-1,-1
62,12,1265,829,123,244,1,-1,-1,-1
62,15,1614,77,56,157,1,-1,-1,-1
62,17,683,264,63,153,1,-1,-1,-1
62,19,1126,47,57,159,1,-1,-1,-1
62,22,368,215,54,170,1,-1,-1,-1
62,24,1761,675,75,256,1,-1,-1,-1
62,27,236,126,65,171,1,-1,-1,-1
62,31,420,64,64,182,1,-1,-1,-1
62,32,1477,110,51,153,1,-1,-1,-1
63,1,398,367,72,208,1,-1,-1,-1
63,2,311,715,85,261,1,-1,-1,-1
63,3,1719,449,74,230,1,-1,-1,-1
63,4,800,142,69,175,1,-1,-1,-1
63,5,462,205,66,193,1,-1,-1,-1
63,6,327,385,68,173,1,-1,-1,-1
63,7,908,956,72,123,1,-1,-1,-1
63,8,948,393,68,218,1,-1,-1,-1
63,9,861,411,65,203,1,-1,-1,-1
63,10,311,169,67,190,1,-1,-1,-1
63,11,1724,102,57,185,1,-1,-1,-1
63,12,1263,826,121,245,1,-1,-1,-1
63,15,1616,78,55,156,1,-1,-1,-1
63,17,683,267,61,149,1,-1,-1,-1
63,19,1127,47,56,160,1,-1,-1,-1
63,21,1576,594,122,231,1,-1,-1,-1
63,22,368,217,54,170,1,-1,-1,-1
63,24,1761,675,75,256,1,-1,-1,-1
63,27,235,126,66,171,1,-1,-1,-1
63,31,420,63,65,184,1,-1,-1,-1
63,32,1478,109,51,155,1,-1,-1,-1
65,1,397,369,72,207,1,-1,-1,-1
65,2,314,725,82,251,1,-1,-1,-1
65,3,1719,450,74,228,1,-1,-1,-1
65,4,799,142,69,175,1,-1,-1,-1
65,5,463,207,65,192,1,-1,-1,-1
65,6,327,386,69,179,1,-1,-1,-1
65,7,909,956,72,123,1,-1,-1,-1
65,8,948,394,68,215,1,-1,-1,-1
65,9,860,406,66,206,1,-1,-1,-1
65,10,311,169,68,191,1,-1,-1,-1
65,11,1724,103,58,189,1,-1,-1,-1
65,12,1259,820,122,251,1,-1,-1,-1
65,15,1618,80,55,155,1,-1,-1,-1
65,17,683,265,62,153,1,-1,-1,-1
65,19,1127,49,57,163,1,-1,-1,-1
65,21,1576,594,122,232,1,-1,-1,-1
65,22,367,217,55,172,1,-1,-1,-1
65,27,235,128,66,168,1,-1,-1,-1
65,31,421,61,65,187,1,-1,-1,-1
65,32,1478,111,51,154,1,-1,-1,-1
66,1,397,371,70,204,1,-1,-1,-1
66,2,316,729,80,246,1,-1,-1,-1
66,3,1719,451,73,227,1,-1,-1,-1
66,4,800,142,68,175,1,-1,-1,-1
66,5,465,208,64,190,1,-1,-1,-1
66,6,328,390,69,178,1,-1,-1,-1
66,7,909,955,72,124,1,-1,-1,-1
66,8,948,392,68,217,1,-1,-1,-1
66,9,859,404,66,207,1,-1,-1,-1
66,10,311,169,68,192,1,-1,-1,-1
66,11,1724,102,59,194,1,-1,-1,-1
66,12,1256,814,123,260,1,-1,-1,-1
66,15,1618,82,56,154,1,-1,-1,-1
66,17,683,265,62,153,1,-1,-1,-1
66,19,1128,51,57,163,1,-1,-1,-1
66,21,1577,594,121,230,1,-1,-1,-1
66,22,367,217,54,174,1,-1,-1,-1
66,27,235,129,66,167,1,-1,-1,-1
66,31,421,61,64,186,1,-1,-1,-1
66,32,1478,111,51,153,1,-1,-1,-1
68,1,396,371,71,203,1,-1,-1,-1
68,2,318,733,78,243,1,-1,-1,-1
68,3,1719,452,73,224,1,-1,-1,-1
68,4,800,141,69,177,1,-1,-1,-1
68,5,467,208,63,187,1,-1,-1,-1
68,6,328,390,69,180,1,-1,-1,-1
68,7,909,955,73,124,1,-1,-1,-1
68,8,946,386,68,216,1,-1,-1,-1
68,9,860,402,64,202,1,-1,-1,-1
68,10,310,169,68,192,1,-1,-1,-1
68,11,1727,102,58,193,1,-1,-1,-1
68,12,1254,807,122,265,1,-1,-1,-1
68,15,1619,83,56,154,1,-1,-1,-1
68,17,682,263,64,155,1,-1,-1,-1
68,19,1127,52,57,164,1,-1,-1,-1
68,21,1577,593,122,231,1,-1,-1,-1
68,22,365,219,54,176,1,-1,-1,-1
68,24,1760,677,76,251,1,-1,-1,-1
68,27,237,132,64,164,1,-1,-1,-1
68,31,421,63,63,184,1,-1,-1,-1
68,32,1478,112,51,153,1,-1,-1,-1
69,1,396,373,70,201,1,-1,-1,-1
69,2,320,736,77,240,1,-1,-1,-1
69,3,1719,453,73,223,1,-1,-1,-1
69,4,800,141,69,177,1,-1,-1,-1
69,5,469,208,61,184,1,-1,-1,-1
69,6,327,391,70,181,1,-1,-1,-1
69,7,910,955,73,124,1,-1,-1,-1
69,8,947,382,66,208,1,-1,-1,-1
69,9,860,398,64,199,1,-1,-1,-1
69,10,310,170,68,191,1,-1,-1,-1
69,11,1728,103,58,191,1,-1,-1,-1
69,12,1253,801,120,266,1,-1,-1,-1
69,15,1619,85,57,155,1,-1,-1,-1
69,17,683,264,63,154,1,-1,-1,-1
69,19,1126,52,57,165,1,-1,-1,-1
69,21,1576,592,123,233,1,-1,-1,-1
69,22,365,220,54,177,1,-1,-1,-1
69,24,1758,678,79,249,1,-1,-1,-1
69,27,238,134,63,162,1,-1,-1,-1
69,31,422,64,62,182,1,-1,-1,-1
71,1,396,376,69,195,1,-1,-1,-1
71,2,322,732,81,253,1,-1,-1,-1
71,3,1719,453,73,223,1,-1,-1,-1
71,4,800,141,69,177,1,-1,-1,-1
71,5,469,208,60,177,1,-1,-1,-1
71,6,328,391,69,181,1,-1,-1,-1
71,7,910,953,74,126,1,-1,-1,-1
71,8,946,375,67,211,1,-1,-1,-1
71,9,859,392,66,204,1,-1,-1,-1
71,10,311,171,67,190,1,-1,-1,-1
71,11,1731,107,56,183,1,-1,-1,-1
71,12,1252,795,119,269,1,-1,-1,-1
71,15,1619,88,57,157,1,-1,-1,-1
71,17,683,266,62,151,1,-1,-1,-1
71,19,1125,53,59,170,1,-1,-1,-1
71,21,1576,592,123,233,1,-1,-1,-1
71,22,362,227,55,176,1,-1,-1,-1
71,24,1757,678,80,247,1,-1,-1,-1
71,27,238,137,62,159,1,-1,-1,-1
71,31,426,67,60,177,1,-1,-1,-1
72,1,394,374,71,202,1,-1,-1,-1
72,2,322,731,83,258,1,-1,-1,-1
72,3,1718,452,74,224,1,-1,-1,-1
72,4,801,141,68,177,1,-1,-1,-1
72,5,468,208,60,176,1,-1,-1,-1
72,6,328,391,69,181,1,-1,-1,-1
72,7,910,952,75,127,1,-1,-1,-1
72,8,945,371,68,215,1,-1,-1,-1
72,9,857,389,68,208,1,-1,-1,-1
72,10,311,171,68,190,1,-1,-1,-1
72,11,1732,109,56,180,1,-1,-1,-1
72,12,1251,791,119,275,1,-1,-1,-1
72,15,1619,90,57,157,1,-1,-1,-1
72,17,683,266,62,151,1,-1,-1,-1
72,19,1125,56,59,168,1,-1,-1,-1
72,21,1576,591,124,234,1,-1,-1,-1
72,22,360,234,54,175,1,-1,-1,-1
72,24,1756,678,82,246,1,-1,-1,-1
72,27,238,137,62,159,1,-1,-1,-1
72,31,429,67,59,175,1,-1,-1,-1
72,32,1478,106,54,164,1,-1,-1,-1
74,1,393,374,74,211,1,-1,-1,-1
74,2,325,731,86,269,1,-1,-1,-1
74,3,1719,452,73,224,1,-1,-1,-1
74,4,801,141,69,177,1,-1,-1,-1
74,5,469,208,61,177,1,-1,-1,-1
74,6,327,390,70,182,1,-1,-1,-1
74,7,909,948,78,131,1,-1,-1,-1
74,8,944,366,69,222,1,-1,-1,-1
74,9,857,388,67,208,1,-1,-1,-1
74,10,312,170,68,194,1,-1,-1,-1
74,11,1733,110,57,179,1,-1,-1,-1
74,12,1249,789,119,281,1,-1,-1,-1
74,15,1618,93,59,162,1,-1,-1,-1
74,17,683,265,62,152,1,-1,-1,-1
74,19,1126,59,59,168,1,-1,-1,-1
74,21,1574,589,126,237,1,-1,-1,-1
74,22,358,237,55,177,1,-1,-1,-1
74,24,1754,677,84,248,1,-1,-1,-1
74,27,238,136,63,161,1,-1,-1,-1
74,31,432,69,58,173,1,-1,-1,-1
74,32,1478,102,55,171,1,-1,-1,-1
75,1,393,376,75,217,1,-1,-1,-1
75,2,325,733,88,275,1,-1,-1,-1
75,3,1719,452,73,224,1,-1,-1,-1
75,4,801,140,69,178,1,-1,-1,-1
75,5,470,209,62,180,1,-1,-1,-1
75,6,328,390,68,182,1,-1,-1,-1
75,7,909,945,79,134,1,-1,-1,-1
75,8,943,363,71,228,1,-1,-1,-1
75,9,857,387,68,208,1,-1,-1,-1
75,10,312,170,69,194,1,-1,-1,-1
75,11,1734,115,57,179,1,-1,-1,-1
75,12,1250,788,116,281,1,-1,-1,-1
75,15,1619,95,59,163,1,-1,-1,-1
75,17,683,266,62,151,1,-1,-1,-1
75,19,1126,61,60,170,1,-1,-1,-1
75,21,1574,589,126,237,1,-1,-1,-1
75,22,357,239,56,178,1,-1,-1,-1
75,24,1753,677,85,247,1,-1,-1,-1
75,27,238,136,63,161,1,-1,-1,-1
75,31,434,70,57,172,1,-1,-1,-1
75,32,1478,102,56,173,1,-1,-1,-1
77,1,391,379,78,226,1,-1,-1,-1
77,2,324,736,90,281,1,-1,-1,-1
77,3,1718,452,73,224,1,-1,-1,-1
77,4,801,140,69,177,1,-1,-1,-1
77,5,471,211,64,184,1,-1,-1,-1
77,6,326,391,69,182,1,-1,-1,-1
77,7,908,943,82,136,1,-1,-1,-1
77,8,940,358,72,235,1,-1,-1,-1
77,9,856,386,68,205,1,-1,-1,-1
77,10,314,171,67,191,1,-1,-1,-1
77,11,1737,123,56,176,1,-1,-1,-1
77,12,1248,787,112,276,1,-1,-1,-1
77,15,1622,98,58,160,1,-1,-1,-1
77,17,683,267,62,150,1,-1,-1,-1
77,19,1127,64,60,170,1,-1,-1,-1
77,21,1574,589,126,237,1,-1,-1,-1
77,22,356,241,56,179,1,-1,-1,-1
77,24,1752,675,86,250,1,-1,-1,-1
77,27,238,136,63,161,1,-1,-1,-1
77,31,434,70,57,174,1,-1,-1,-1
78,1,390,380,78,230,1,-1,-1,-1
78,2,324,739,91,283,1,-1,-1,-1
78,3,1719,453,72,223,1,-1,-1,-1
78,4,801,139,69,178,1,-1,-1,-1
78,5,473,212,64,186,1,-1,-1,-1
78,6,326,391,69,185,1,-1,-1,-1
78,7,909,942,81,137,1,-1,-1,-1
78,8,938,356,74,240,1,-1,-1,-1
78,9,856,386,67,203,1,-1,-1,-1
78,10,315,172,67,190,1,-1,-1,-1
78,11,1738,126,56,174,1,-1,-1,-1
78,12,1247,787,109,274,1,-1,-1,-1
78,15,1623,99,57,160,1,-1,-1,-1
78,17,683,267,62,150,1,-1,-1,-1
78,19,1127,66,61,170,1,-1,-1,-1
78,21,1574,588,126,239,1,-1,-1,-1
78,24,1750,675,88,250,1,-1,-1,-1
78,31,435,70,57,175,1,-1,-1,-1
80,1,390,384,78,227,1,-1,-1,-1
80,2,325,747,91,282,1,-1,-1,-1
80,3,1718,451,73,225,1,-1,-1,-1
80,4,801,139,69,179,1,-1,-1,-1
80,5,473,215,64,185,1,-1,-1,-1
80,6,325,396,70,189,1,-1,-1,-1
80,7,910,941,83,138,1,-1,-1,-1
80,8,938,358,71,234,1,-1,-1,-1
80,9,856,384,67,201,1,-1,-1,-1
80,10,315,172,67,191,1,-1,-1,-1
80,11,1740,130,56,171,1,-1,-1,-1
80,12,1245,782,108,276,1,-1,-1,-1
80,15,1624,99,57,159,1,-1,-1,-1
80,17,684,268,61,150,1,-1,-1,-1
80,19,1127,65,62,172,1,-1,-1,-1
80,21,1574,589,126,238,1,-1,-1,-1
80,24,1750,676,88,249,1,-1,-1,-1
80,31,436,69,58,178,1,-1,-1,-1
81,1,391,386,76,222,1,-1,-1,-1
81,2,326,751,90,281,1,-1,-1,-1
81,3,1718,451,73,225,1,-1,-1,-1
81,4,800,139,69,180,1,-1,-1,-1
81,5,473,216,65,184,1,-1,-1,-1
81,6,324,397,73,195,1,-1,-1,-1
81,7,911,942,82,137,1,-1,-1,-1
81,8,938,359,71,230,1,-1,-1,-1
81,9,855,384,66,200,1,-1,-1,-1
81,10,317,177,62,175,1,-1,-1,-1
81,11,1740,131,57,170,1,-1,-1,-1
81,12,1245,780,105,275,1,-1,-1,-1
81,15,1625,98,57,160,1,-1,-1,-1
81,17,684,267,61,151,1,-1,-1,-1
81,19,1130,66,62,173,1,-1,-1,-1
81,21,1574,588,126,239,1,-1,-1,-1
81,24,1749,676,89,249,1,-1,-1,-1
81,27,238,138,62,160,1,-1,-1,-1
81,31,437,69,58,179,1,-1,-1,-1
83,1,394,392,73,215,1,-1,-1,-1
83,2,326,758,89,278,1,-1,-1,-1
83,3,1718,453,72,223,1,-1,-1,-1
83,4,800,139,69,180,1,-1,-1,-1
83,5,473,216,64,184,1,-1,-1,-1
83,6,324,401,71,196,1,-1,-1,-1
83,7,912,941,82,138,1,-1,-1,-1
83,8,938,358,70,227,1,-1,-1,-1
83,9,854,380,67,200,1,-1,-1,-1
83,10,317,178,62,173,1,-1,-1,-1
83,11,1745,134,58,171,1,-1,-1,-1
83,12,1243,776,103,271,1,-1,-1,-1
83,15,1627,97,57,161,1,-1,-1,-1
83,17,684,267,61,150,1,-1,-1,-1
83,19,1135,68,61,169,1,-1,-1,-1
83,21,1574,588,126,240,1,-1,-1,-1
83,24,1747,674,91,250,1,-1,-1,-1
83,27,238,138,62,161,1,-1,-1,-1
83,31,439,70,56,176,1,-1,-1,-1
84,1,392,388,75,220,1,-1,-1,-1
84,2,326,762,89,277,1,-1,-1,-1
84,3,1718,453,72,222,1,-1,-1,-1
84,4,799,139,69,179,1,-1,-1,-1
84,5,473,217,65,183,1,-1,-1,-1
84,6,324,410,70,190,1,-1,-1,-1
84,7,913,940,82,139,1,-1,-1,-1
84,8,938,365,64,204,1,-1,-1,-1
84,9,853,377,67,199,1,-1,-1,-1
84,10,319,179,60,171,1,-1,-1,-1
84,11,1746,135,59,172,1,-1,-1,-1
84,12,1242,772,103,272,1,-1,-1,-1
84,15,1630,98,58,162,1,-1,-1,-1
84,17,684,266,61,151,1,-1,-1,-1
84,19,1139,69,59,168,1,-1,-1,-1
84,21,1573,588,127,240,1,-1,-1,-1
84,24,1747,674,91,249,1,-1,-1,-1
84,31,439,70,56,176,1,-1,-1,-1
86,1,392,386,75,224,1,-1,-1,-1
86,2,325,763,89,277,1,-1,-1,-1
86,3,1717,453,73,224,1,-1,-1,-1
86,4,800,140,68,177,1,-1,-1,-1
86,5,474,217,65,184,1,-1,-1,-1
86,6,325,417,68,185,1,-1,-1,-1
86,7,913,937,83,142,1,-1,-1,-1
86,8,936,368,61,188,1,-1,-1,-1
86,9,853,373,66,199,1,-1,-1,-1
86,10,320,179,60,171,1,-1,-1,-1
86,11,1747,136,60,173,1,-1,-1,-1
86,12,1240,766,100,270,1,-1,-1,-1
86,15,1635,103,57,160,1,-1,-1,-1
86,17,684,266,62,151,1,-1,-1,-1
86,19,1142,72,59,167,1,-1,-1,-1
86,21,1573,589,127,240,1,-1,-1,-1
86,22,350,246,54,175,1,-1,-1,-1
86,24,1747,674,92,248,1,-1,-1,-1
86,29,478,42,48,152,1,-1,-1,-1
86,31,440,74,54,170,1,-1,-1,-1
87,1,391,387,75,221,1,-1,-1,-1
87,2,325,764,88,274,1,-1,-1,-1
87,3,1717,453,73,224,1,-1,-1,-1
87,4,800,140,68,177,1,-1,-1,-1
87,5,475,218,64,182,1,-1,-1,-1
87,6,324,418,68,185,1,-1,-1,-1
87,7,914,936,83,143,1,-1,-1,-1
87,8,935,367,60,184,1,-1,-1,-1
87,9,852,371,66,198,1,-1,-1,-1
87,10,321,180,59,169,1,-1,-1,-1
87,11,1748,137,60,173,1,-1,-1,-1
87,12,1238,762,98,266,1,-1,-1,-1
87,15,1637,105,58,160,1,-1,-1,-1
87,17,684,266,62,151,1,-1,-1,-1
87,19,1144,74,58,165,1,-1,-1,-1
87,21,1573,589,126,239,1,-1,-1,-1
87,22,350,245,53,175,1,-1,-1,-1
87,24,1747,674,93,248,1,-1,-1,-1
87,27,275,131,63,167,1,-1,-1,-1
87,29,478,44,49,152,1,-1,-1,-1
87,31,441,73,53,172,1,-1,-1,-1
89,1,394,396,70,209,1,-1,-1,-1
89,2,324,764,88,276,1,-1,-1,-1
89,3,1717,453,73,224,1,-1,-1,-1
89,4,800,141,67,175,1,-1,-1,-1
89,5,475,218,65,181,1,-1,-1,-1
89,6,324,421,67,183,1,-1,-1,-1
89,7,916,934,83,145,1,-1,-1,-1
89,8,929,358,65,198,1,-1,-1,-1
89,9,851,369,68,201,1,-1,-1,-1
89,10,320,181,60,170,1,-1,-1,-1
89,11,1749,139,62,175,1,-1,-1,-1
89,12,1235,757,99,267,1,-1,-1,-1
89,15,1638,107,59,160,1,-1,-1,-1
89,17,684,265,62,152,1,-1,-1,-1
89,19,1145,78,57,163,1,-1,-1,-1
89,21,1574,589,126,239,1,-1,-1,-1
89,22,349,245,53,176,1,-1,-1,-1
89,24,1746,674,94,248,1,-1,-1,-1
89,27,279,128,63,170,1,-1,-1,-1
89,31,442,75,52,170,1,-1,-1,-1
90,1,394,400,70,205,1,-1,-1,-1
90,2,324,764,89,276,1,-1,-1,-1
90,3,1717,451,74,226,1,-1,-1,-1
90,4,800,141,67,175,1,-1,-1,-1
90,5,477,219,64,179,1,-1,-1,-1
90,6,323,421,67,184,1,-1,-1,-1
90,7,917,933,82,146,1,-1,-1,-1
90,8,927,354,66,203,1,-1,-1,-1
90,9,851,368,66,199,1,-1,-1,-1
90,10,320,182,60,171,1,-1,-1,-1
90,11,1750,139,63,177,1,-1,-1,-1
90,12,1234,752,98,269,1,-1,-1,-1
90,15,1639,108,59,160,1,-1,-1,-1
90,17,684,265,62,152,1,-1,-1,-1
90,19,1146,80,56,162,1,-1,-1,-1
90,21,1575,589,125,238,1,-1,-1,-1
90,22,349,245,53,177,1,-1,-1,-1
90,24,1746,674,94,250,1,-1,-1,-1
90,27,281,128,61,170,1,-1,-1,-1
90,31,442,76,52,168,1,-1,-1,-1
92,1,393,399,72,215,1,-1,-1,-1
92,2,324,766,88,273,1,-1,-1,-1
92,3,1717,451,74,226,1,-1,-1,-1
92,4,800,141,67,177,1,-1,-1,-1
92,5,480,222,63,179,1,-1,-1,-1
92,6,322,422,67,182,1,-1,-1,-1
92,7,918,933,82,146,1,-1,-1,-1
92,8,929,355,66,195,1,-1,-1,-1
92,9,849,368,66,196,1,-1,-1,-1
92,10,321,182,59,170,1,-1,-1,-1
92,11,1753,143,62,174,1,-1,-1,-1
92,12,1229,747,98,269,1,-1,-1,-1
92,15,1640,108,59,162,1,-1,-1,-1
92,17,684,267,61,150,1,-1,-1,-1
92,19,1148,82,55,161,1,-1,-1,-1
92,21,1575,589,125,238,1,-1,-1,-1
92,22,349,248,52,175,1,-1,-1,-1
92,24,1746,674,94,249,1,-1,-1,-1
92,27,282,130,60,169,1,-1,-1,-1
92,31,443,75,52,171,1,-1,-1,-1
92,33,425,242,61,185,1,-1,-1,-1
93,1,392,402,72,214,1,-1,-1,-1
93,2,324,766,89,274,1,-1,-1,-1
93,3,1718,453,72,223,1,-1,-1,-1
93,4,800,142,67,175,1,-1,-1,-1
93,5,481,224,62,177,1,-1,-1,-1
93,6,322,422,67,183,1,-1,-1,-1
93,7,918,933,81,146,1,-1,-1,-1
93,8,927,351,68,202,1,-1,-1,-1
93,9,848,368,66,194,1,-1,-1,-1
93,11,1755,146,61,170,1,-1,-1,-1
93,12,1225,745,98,269,1,-1,-1,-1
93,15,1641,108,59,162,1,-1,-1,-1
93,17,684,268,61,147,1,-1,-1,-1
93,19,1149,83,54,159,1,-1,-1,-1
93,21,1575,588,126,239,1,-1,-1,-1
93,22,348,250,52,174,1,-1,-1,-1
93,27,282,130,59,169,1,-1,-1,-1
93,31,443,71,54,177,1,-1,-1,-1
93,33,424,246,61,183,1,-1,-1,-1
95,1,390,398,76,226,1,-1,-1,-1
95,2,324,770,89,276,1,-1,-1,-1
95,3,1718,452,73,224,1,-1,-1,-1
95,4,800,142,67,175,1,-1,-1,-1
95,5,482,225,62,176,1,-1,-1,-1
95,6,321,424,67,183,1,-1,-1,-1
95,7,919,933,80,146,1,-1,-1,-1
95,8,925,348,70,208,1,-1,-1,-1
95,9,847,365,67,197,1,-1,-1,-1
95,11,1756,147,61,172,1,-1,-1,-1
95,12,1223,743,98,269,1,-1,-1,-1
95,15,1642,107,60,165,1,-1,-1,-1
95,17,684,267,62,150,1,-1,-1,-1
95,19,1152,81,56,166,1,-1,-1,-1
95,21,1575,588,126,240,1,-1,-1,-1
95,27,283,131,58,168,1,-1,-1,-1
95,31,443,67,56,184,1,-1,-1,-1
95,33,423,248,60,181,1,-1,-1,-1
96,1,389,397,77,232,1,-1,-1,-1
96,2,323,772,89,278,1,-1,-1,-1
96,3,1718,452,73,224,1,-1,-1,-1
96,4,800,142,66,176,1,-1,-1,-1
96,5,487,230,63,178,1,-1,-1,-1
96,6,322,426,67,182,1,-1,-1,-1
96,7,920,932,79,147,1,-1,-1,-1
96,8,924,347,71,211,1,-1,-1,-1
96,9,847,359,68,201,1,-1,-1,-1
96,11,1755,145,63,176,1,-1,-1,-1
96,12,1222,741,99,270,1,-1,-1,-1
96,15,1643,108,61,165,1,-1,-1,-1
96,17,684,266,62,151,1,-1,-1,-1
96,19,1155,79,58,172,1,-1,-1,-1
96,21,1575,588,126,241,1,-1,-1,-1
96,27,283,132,57,167,1,-1,-1,-1
96,31,443,64,57,188,1,-1,-1,-1
96,33,422,249,60,178,1,-1,-1,-1
98,1,390,404,75,225,1,-1,-1,-1
98,2,325,778,87,274,1,-1,-1,-1
98,3,1718,452,73,224,1,-1,-1,-1
98,4,800,142,66,176,1,-1,-1,-1
98,5,488,232,65,179,1,-1,-1,-1
98,6,322,427,67,184,1,-1,-1,-1
98,7,923,933,78,146,1,-1,-1,-1
98,8,925,347,70,207,1,-1,-1,-1
98,9,847,355,68,202,1,-1,-1,-1
98,11,1758,149,61,171,1,-1,-1,-1
98,12,1219,736,100,274,1,-1,-1,-1
98,15,1644,109,60,165,1,-1,-1,-1
98,17,684,268,61,149,1,-1,-1,-1
98,19,1157,78,60,177,1,-1,-1,-1
98,21,1575,588,125,239,1,-1,-1,-1
98,22,331,245,55,183,1,-1,-1,-1
98,27,283,132,56,166,1,-1,-1,-1
98,31,450,61,58,190,1,-1,-1,-1
98,33,421,252,60,175,1,-1,-1,-1
99,1,391,408,73,219,1,-1,-1,-1
99,2,326,781,86,274,1,-1,-1,-1
99,3,1718,451,73,225,1,-1,-1,-1
99,4,800,142,67,177,1,-1,-1,-1
99,5,488,231,67,181,1,-1,-1,-1
99,6,322,429,67,184,1,-1,-1,-1
99,7,924,932,77,147,1,-1,-1,-1
99,8,925,345,69,205,1,-1,-1,-1
99,9,847,352,68,199,1,-1,-1,-1
99,11,1760,150,62,171,1,-1,-1,-1
99,12,1215,731,101,279,1,-1,-1,-1
99,15,1645,111,59,163,1,-1,-1,-1
99,17,684,269,61,148,1,-1,-1,-1
99,19,1157,80,60,178,1,-1,-1,-1
99,21,1575,588,125,240,1,-1,-1,-1
99,22,329,245,55,184,1,-1,-1,-1
99,27,283,131,56,167,1,-1,-1,-1
99,31,446,61,59,193,1,-1,-1,-1
99,33,419,253,61,174,1,-1,-1,-1
101,1,390,409,72,215,1,-1,-1,-1
101,2,328,783,88,279,1,-1,-1,-1
101,3,1717,449,75,228,1,-1,-1,-1
101,4,800,142,66,175,1,-1,-1,-1
101,5,489,232,68,182,1,-1,-1,-1
101,6,322,431,67,186,1,-1,-1,-1
101,7,925,933,76,146,1,-1,-1,-1
101,8,925,339,70,206,1,-1,-1,-1
101,9,847,349,66,194,1,-1,-1,-1
101,11,1762,151,62,168,1,-1,-1,-1
101,12,1212,723,97,269,1,-1,-1,-1
101,15,1646,114,59,163,1,-1,-1,-1
101,17,685,271,59,145,1,-1,-1,-1
101,19,1156,83,61,181,1,-1,-1,-1
101,21,1575,588,125,240,1,-1,-1,-1
101,22,328,246,55,182,1,-1,-1,-1
101,27,283,131,55,166,1,-1,-1,-1
101,31,452,58,58,193,1,-1,-1,-1
101,33,420,253,59,170,1,-1,-1,-1
102,1,390,410,72,214,1,-1,-1,-1
102,2,330,784,87,282,1,-1,-1,-1
102,3,1718,450,73,226,1,-1,-1,-1
102,4,800,143,66,175,1,-1,-1,-1
102,5,489,232,69,183,1,-1,-1,-1
102,6,321,433,67,186,1,-1,-1,-1
102,7,926,934,75,145,1,-1,-1,-1
102,8,928,336,70,206,1,-1,-1,-1
102,9,847,349,64,189,1,-1,-1,-1
102,11,1763,151,63,169,1,-1,-1,-1
102,12,1209,717,95,266,1,-1,-1,-1
102,15,1647,118,60,162,1,-1,-1,-1
102,17,685,271,59,145,1,-1,-1,-1
102,19,1156,88,61,177,1,-1,-1,-1
102,21,1575,588,125,241,1,-1,-1,-1
102,22,327,246,55,181,1,-1,-1,-1
102,27,284,132,54,164,1,-1,-1,-1
102,31,454,58,58,192,1,-1,-1,-1
102,33,420,253,58,165,1,-1,-1,-1
104,1,391,413,72,211,1,-1,-1,-1
104,2,332,788,86,282,1,-1,-1,-1
104,3,1718,452,73,224,1,-1,-1,-1
104,4,799,143,66,175,1,-1,-1,-1
104,5,490,234,69,180,1,-1,-1,-1
104,6,319,430,69,195,1,-1,-1,-1
104,7,926,934,75,145,1,-1,-1,-1
104,8,927,330,73,212,1,-1,-1,-1
104,9,847,347,65,192,1,-1,-1,-1
104,11,1765,152,64,173,1,-1,-1,-1
104,12,1208,712,93,264,1,-1,-1,-1
104,15,1648,121,61,165,1,-1,-1,-1
104,17,684,270,61,147,1,-1,-1,-1
104,19,1155,92,62,177,1,-1,-1,-1
104,21,1574,587,126,242,1,-1,-1,-1
104,22,327,246,55,181,1,-1,-1,-1
104,27,285,133,53,162,1,-1,-1,-1
104,31,456,58,57,190,1,-1,-1,-1
104,33,421,254,57,159,1,-1,-1,-1
105,1,392,415,71,210,1,-1,-1,-1
105,2,333,790,86,282,1,-1,-1,-1
105,3,1717,451,74,225,1,-1,-1,-1
105,4,799,143,66,175,1,-1,-1,-1
105,5,491,235,68,179,1,-1,-1,-1
105,6,317,429,70,199,1,-1,-1,-1
105,7,926,933,75,146,1,-1,-1,-1
105,8,928,329,72,210,1,-1,-1,-1
105,9,846,344,66,194,1,-1,-1,-1
105,11,1765,155,65,174,1,-1,-1,-1
105,12,1207,709,92,266,1,-1,-1,-1
105,15,1649,123,62,166,1,-1,-1,-1
105,17,684,269,61,148,1,-1,-1,-1
105,19,1156,96,62,174,1,-1,-1,-1
105,21,1574,587,125,242,1,-1,-1,-1
105,22,326,246,56,183,1,-1,-1,-1
105,27,285,133,54,162,1,-1,-1,-1
105,31,464,59,55,185,1,-1,-1,-1
105,32,1474,149,53,154,1,-1,-1,-1
105,33,422,254,57,156,1,-1,-1,-1
107,1,390,416,74,218,1,-1,-1,-1
107,2,335,795,84,278,1,-1,-1,-1
107,3,1717,451,74,226,1,-1,-1,-1
107,4,800,143,66,175,1,-1,-1,-1
107,5,490,237,71,183,1,-1,-1,-1
107,6,317,434,68,192,1,-1,-1,-1
107,7,925,933,75,146,1,-1,-1,-1
107,8,928,325,73,216,1,-1,-1,-1
107,9,845,343,66,195,1,-1,-1,-1
107,11,1767,159,64,171,1,-1,-1,-1
107,12,1204,704,94,275,1,-1,-1,-1
107,15,1651,126,60,163,1,-1,-1,-1
107,17,684,269,61,148,1,-1,-1,-1
107,19,1158,101,61,172,1,-1,-1,-1
107,21,1574,587,126,242,1,-1,-1,-1
107,22,326,249,57,183,1,-1,-1,-1
107,27,287,136,52,157,1,-1,-1,-1
107,31,467,62,55,180,1,-1,-1,-1
107,32,1474,152,54,153,1,-1,-1,-1
107,33,422,255,57,154,1,-1,-1,-1
108,1,389,420,74,219,1,-1,-1,-1
108,2,335,798,84,275,1,-1,-1,-1
108,3,1717,451,74,226,1,-1,-1,-1
108,4,800,143,66,175,1,-1,-1,-1
108,5,491,240,71,182,1,-1,-1,-1
108,6,318,437,67,187,1,-1,-1,-1
108,7,921,932,75,147,1,-1,-1,-1
108,8,929,326,72,213,1,-1,-1,-1
108,9,845,343,66,194,1,-1,-1,-1
108,11,1769,163,62,165,1,-1,-1,-1
108,12,1203,703,94,276,1,-1,-1,-1
108,15,1651,128,60,161,1,-1,-1,-1
108,17,684,270,60,147,1,-1,-1,-1
108,19,1160,105,61,168,1,-1,-1,-1
108,21,1574,587,125,241,1,-1,-1,-1
108,22,326,252,57,184,1,-1,-1,-1
108,27,288,136,53,157,1,-1,-1,-1
108,31,468,63,55,179,1,-1,-1,-1
108,32,1474,154,55,151,1,-1,-1,-1
108,33,421,254,58,154,1,-1,-1,-1
110,1,389,423,74,220,1,-1,-1,-1
110,2,336,802,84,275,1,-1,-1,-1
110,3,1717,450,74,227,1,-1,-1,-1
110,4,801,143,65,175,1,-1,-1,-1
110,5,492,241,72,182,1,-1,-1,-1
110,6,318,437,67,189,1,-1,-1,-1
110,7,919,932,74,147,1,-1,-1,-1
110,8,930,326,69,207,1,-1,-1,-1
110,9,845,343,65,192,1,-1,-1,-1
110,11,1771,167,62,167,1,-1,-1,-1
110,12,1203,702,91,270,1,-1,-1,-1
110,15,1652,128,59,160,1,-1,-1,-1
110,17,684,269,60,148,1,-1,-1,-1
110,19,1162,105,62,171,1,-1,-1,-1
110,21,1576,586,125,242,1,-1,-1,-1
110,22,325,255,58,182,1,-1,-1,-1
110,24,1745,674,95,247,1,-1,-1,-1
110,27,288,135,54,159,1,-1,-1,-1
110,31,469,64,56,177,1,-1,-1,-1
110,32,1471,152,59,160,1,-1,-1,-1
110,33,419,257,61,159,1,-1,-1,-1
111,1,388,424,74,220,1,-1,-1,-1
111,2,336,803,85,276,1,-1,-1,-1
111,3,1717,450,74,228,1,-1,-1,-1
111,4,801,143,65,175,1,-1,-1,-1
111,5,493,244,71,181,1,-1,-1,-1
111,6,318,436,67,191,1,-1,-1,-1
111,7,920,932,75,147,1,-1,-1,-1
111,8,930,328,69,201,1,-1,-1,-1
111,9,845,342,64,192,1,-1,-1,-1
111,11,1772,167,64,171,1,-1,-1,-1
111,12,1202,702,90,267,1,-1,-1,-1
111,15,1653,128,60,161,1,-1,-1,-1
111,17,683,267,62,150,1,-1,-1,-1
111,19,1165,107,60,167,1,-1,-1,-1
111,21,1577,586,125,242,1,-1,-1,-1
111,22,324,256,58,182,1,-1,-1,-1
111,24,1744,674,96,246,1,-1,-1,-1
111,27,288,135,55,159,1,-1,-1,-1
111,31,468,64,56,178,1,-1,-1,-1
111,32,1470,151,61,165,1,-1,-1,-1
111,33,417,260,63,163,1,-1,-1,-1
113,1,389,428,74,219,1,-1,-1,-1
113,2,336,806,85,273,1,-1,-1,-1
113,3,1717,450,74,228,1,-1,-1,-1
113,4,801,143,65,175,1,-1,-1,-1
113,5,493,247,72,182,1,-1,-1,-1
113,6,315,430,72,203,1,-1,-1,-1
113,7,919,934,73,145,1,-1,-1,-1
113,8,930,326,67,199,1,-1,-1,-1
113,9,844,337,65,197,1,-1,-1,-1
113,10,350,182,60,166,1,-1,-1,-1
113,11,1773,164,65,176,1,-1,-1,-1
113,12,1201,699,89,270,1,-1,-1,-1
113,15,1655,129,59,159,1,-1,-1,-1
113,17,683,266,62,152,1,-1,-1,-1
113,19,1168,105,61,170,1,-1,-1,-1
113,21,1576,586,126,242,1,-1,-1,-1
113,22,323,263,58,178,1,-1,-1,-1
113,24,1743,676,98,245,1,-1,-1,-1
113,27,287,133,57,163,1,-1,-1,-1
113,31,468,66,56,176,1,-1,-1,-1
113,32,1469,153,61,165,1,-1,-1,-1
113,33,415,262,65,167,1,-1,-1,-1
114,1,389,429,75,220,1,-1,-1,-1
114,2,336,808,85,271,1,-1,-1,-1
114,3,1717,451,74,226,1,-1,-1,-1
114,4,801,142,65,176,1,-1,-1,-1
114,5,494,249,71,182,1,-1,-1,-1
114,6,315,434,71,203,1,-1,-1,-1
114,7,918,934,73,145,1,-1,-1,-1
114,8,926,324,68,199,1,-1,-1,-1
114,9,844,333,65,197,1,-1,-1,-1
114,10,352,182,60,164,1,-1,-1,-1
114,11,1774,164,64,174,1,-1,-1,-1
114,12,1199,696,91,273,1,-1,-1,-1
114,15,1655,130,60,165,1,-1,-1,-1
114,17,684,268,61,150,1,-1,-1,-1
114,19,1172,104,62,175,1,-1,-1,-1
114,21,1576,586,125,243,1,-1,-1,-1
114,22,323,267,58,176,1,-1,-1,-1
114,24,1743,676,99,246,1,-1,-1,-1
114,27,287,132,57,164,1,-1,-1,-1
114,31,467,66,56,176,1,-1,-1,-1
114,32,1470,154,60,165,1,-1,-1,-1
114,33,412,262,69,173,1,-1,-1,-1
116,1,390,431,73,218,1,-1,-1,-1
116,2,338,813,84,266,1,-1,-1,-1
116,3,1718,451,73,225,1,-1,-1,-1
116,4,801,142,65,176,1,-1,-1,-1
116,5,494,251,72,183,1,-1,-1,-1
116,6,315,441,70,197,1,-1,-1,-1
116,7,917,937,71,142,1,-1,-1,-1
116,8,923,320,67,201,1,-1,-1,-1
116,9,842,330,65,196,1,-1,-1,-1
116,10,354,182,60,159,1,-1,-1,-1
116,11,1777,167,64,171,1,-1,-1,-1
116,12,1197,693,91,277,1,-1,-1,-1
116,15,1656,131,61,168,1,-1,-1,-1
116,17,684,268,61,150,1,-1,-1,-1
116,19,1175,107,62,175,1,-1,-1,-1
116,21,1576,586,125,243,1,-1,-1,-1
116,22,321,264,61,185,1,-1,-1,-1
116,24,1743,675,99,247,1,-1,-1,-1
116,27,287,132,57,165,1,-1,-1,-1
116,31,468,65,57,177,1,-1,-1,-1
116,32,1469,156,61,165,1,-1,-1,-1
116,33,412,262,70,174,1,-1,-1,-1
117,1,389,431,76,224,1,-1,-1,-1
117,2,340,816,84,263,1,-1,-1,-1
117,3,1718,452,72,224,1,-1,-1,-1
117,4,801,141,65,177,1,-1,-1,-1
117,5,494,252,72,182,1,-1,-1,-1
117,6,314,440,70,200,1,-1,-1,-1
117,7,915,937,71,142,1,-1,-1,-1
117,8,920,317,68,203,1,-1,-1,-1
117,9,842,325,65,196,1,-1,-1,-1
117,10,355,180,62,161,1,-1,-1,-1
117,11,1781,170,62,167,1,-1,-1,-1
117,12,1196,690,89,271,1,-1,-1,-1
117,15,1657,134,61,166,1,-1,-1,-1
117,17,684,269,60,149,1,-1,-1,-1
117,19,1177,110,61,173,1,-1,-1,-1
117,21,1575,586,125,243,1,-1,-1,-1
117,22,320,265,62,185,1,-1,-1,-1
117,24,1742,675,100,246,1,-1,-1,-1
117,31,468,65,57,177,1,-1,-1,-1
117,33,411,263,71,174,1,-1,-1,-1
119,1,389,431,76,226,1,-1,-1,-1
119,2,338,821,83,258,1,-1,-1,-1
119,3,1718,452,72,224,1,-1,-1,-1
119,4,801,141,65,176,1,-1,-1,-1
119,5,493,252,73,184,1,-1,-1,-1
119,6,314,443,69,199,1,-1,-1,-1
119,7,915,940,70,139,1,-1,-1,-1
119,8,919,312,68,204,1,-1,-1,-1
119,9,840,320,66,200,1,-1,-1,-1
119,10,357,181,62,161,1,-1,-1,-1
119,11,1782,173,65,174,1,-1,-1,-1
119,12,1195,683,87,266,1,-1,-1,-1
119,15,1659,137,61,165,1,-1,-1,-1
119,17,684,270,60,148,1,-1,-1,-1
119,19,1179,114,60,170,1,-1,-1,-1
119,21,1575,586,125,243,1,-1,-1,-1
119,22,317,264,62,186,1,-1,-1,-1
119,24,1742,674,101,246,1,-1,-1,-1
119,31,469,65,57,176,1,-1,-1,-1
119,32,1472,173,55,152,1,-1,-1,-1
120,1,388,432,76,224,1,-1,-1,-1
120,2,338,824,83,255,1,-1,-1,-1
120,3,1718,452,73,224,1,-1,-1,-1
120,4,801,140,64,177,1,-1,-1,-1
120,5,494,251,73,185,1,-1,-1,-1
120,6,315,455,67,191,1,-1,-1,-1
120,7,914,942,69,137,1,-1,-1,-1
120,8,918,309,68,205,1,-1,-1,-1
120,9,839,318,67,203,1,-1,-1,-1
120,10,358,183,61,160,1,-1,-1,-1
120,11,1784,179,64,171,1,-1,-1,-1
120,12,1193,677,87,265,1,-1,-1,-1
120,15,1661,139,60,165,1,-1,-1,-1
120,17,684,271,59,147,1,-1,-1,-1
120,19,1180,115,60,171,1,-1,-1,-1
120,21,1575,586,126,243,1,-1,-1,-1
120,22,316,266,61,183,1,-1,-1,-1
120,24,1742,674,101,246,1,-1,-1,-1
120,32,1473,176,54,150,1,-1,-1,-1
120,33,404,263,69,171,1,-1,-1,-1
122,1,388,433,74,218,1,-1,-1,-1
122,2,336,829,82,250,1,-1,-1,-1
122,3,1718,452,73,224,1,-1,-1,-1
122,4,801,141,64,175,1,-1,-1,-1
122,5,493,251,74,188,1,-1,-1,-1
122,6,313,459,66,189,1,-1,-1,-1
122,7,914,944,68,135,1,-1,-1,-1
122,8,918,308,67,204,1,-1,-1,-1
122,9,838,317,67,202,1,-1,-1,-1
122,10,358,181,64,166,1,-1,-1,-1
122,11,1785,181,64,172,1,-1,-1,-1
122,12,1190,669,89,269,1,-1,-1,-1
122,15,1663,143,60,163,1,-1,-1,-1
122,17,684,270,60,148,1,-1,-1,-1
122,19,1182,119,57,165,1,-1,-1,-1
122,21,1574,586,128,244,1,-1,-1,-1
122,22,313,269,63,185,1,-1,-1,-1
122,24,1742,673,101,247,1,-1,-1,-1
122,31,501,84,47,144,1,-1,-1,-1
122,32,1472,176,54,152,1,-1,-1,-1
122,33,402,262,70,173,1,-1,-1,-1
123,1,387,431,76,225,1,-1,-1,-1
123,2,335,831,82,248,1,-1,-1,-1
123,3,1718,453,73,223,1,-1,-1,-1
123,4,802,141,64,175,1,-1,-1,-1
123,5,494,252,73,189,1,-1,-1,-1
123,6,310,458,67,194,1,-1,-1,-1
123,7,913,945,68,134,1,-1,-1,-1
123,8,918,306,68,206,1,-1,-1,-1
123,9,837,315,68,205,1,-1,-1,-1
123,10,360,182,62,163,1,-1,-1,-1
123,11,1785,181,66,177,1,-1,-1,-1
123,12,1189,667,88,267,1,-1,-1,-1
123,15,1666,146,59,159,1,-1,-1,-1
123,17,684,271,60,147,1,-1,-1,-1
123,19,1184,122,57,163,1,-1,-1,-1
123,21,1574,585,128,245,1,-1,-1,-1
123,22,313,271,62,185,1,-1,-1,-1
123,29,445,66,58,182,1,-1,-1,-1
123,31,507,86,46,140,1,-1,-1,-1
123,32,1471,176,55,153,1,-1,-1,-1
123,33,400,260,72,177,1,-1,-1,-1
125,1,385,430,78,233,1,-1,-1,-1
125,2,334,834,82,245,1,-1,-1,-1
125,3,1718,452,73,224,1,-1,-1,-1
125,4,802,141,64,174,1,-1,-1,-1
125,5,495,254,72,188,1,-1,-1,-1
125,6,310,464,65,188,1,-1,-1,-1
125,7,911,943,68,136,1,-1,-1,-1
125,8,918,304,68,209,1,-1,-1,-1
125,9,837,314,68,206,1,-1,-1,-1
125,10,361,182,60,155,1,-1,-1,-1
125,11,1786,181,67,180,1,-1,-1,-1
125,12,1187,664,88,268,1,-1,-1,-1
125,15,1669,150,58,155,1,-1,-1,-1
125,17,685,271,58,145,1,-1,-1,-1
125,19,1184,120,56,166,1,-1,-1,-1
125,21,1574,585,128,245,1,-1,-1,-1
125,22,311,271,64,190,1,-1,-1,-1
125,29,444,66,58,185,1,-1,-1,-1
125,31,511,88,45,137,1,-1,-1,-1
125,32,1472,175,55,156,1,-1,-1,-1
125,33,399,260,73,186,1,-1,-1,-1
126,1,386,432,77,232,1,-1,-1,-1
126,2,334,837,82,242,1,-1,-1,-1
126,3,1718,452,73,226,1,-1,-1,-1
126,4,801,141,65,174,1,-1,-1,-1
126,5,496,256,72,187,1,-1,-1,-1
126,6,310,467,65,186,1,-1,-1,-1
126,7,911,943,67,136,1,-1,-1,-1
126,8,919,303,67,209,1,-1,-1,-1
126,9,837,314,68,205,1,-1,-1,-1
126,10,361,181,61,155,1,-1,-1,-1
126,11,1787,181,67,182,1,-1,-1,-1
126,12,1186,661,88,270,1,-1,-1,-1
126,15,1672,152,58,153,1,-1,-1,-1
126,17,685,272,58,144,1,-1,-1,-1
126,19,1185,121,57,166,1,-1,-1,-1
126,21,1573,585,129,246,1,-1,-1,-1
126,22,310,273,64,189,1,-1,-1,-1
126,27,289,129,60,169,1,-1,-1,-1
126,31,509,89,46,139,1,-1,-1,-1
126,32,1471,177,55,156,1,-1,-1,-1
126,33,400,262,68,171,1,-1,-1,-1
128,1,385,437,76,229,1,-1,-1,-1
128,2,335,840,82,239,1,-1,-1,-1
128,3,1719,453,73,223,1,-1,-1,-1
128,4,801,141,65,176,1,-1,-1,-1
128,5,498,261,71,184,1,-1,-1,-1
128,6,312,469,65,184,1,-1,-1,-1
128,7,910,944,66,135,1,-1,-1,-1
128,8,919,301,67,211,1,-1,-1,-1
128,9,838,312,66,200,1,-1,-1,-1
128,10,361,179,62,158,1,-1,-1,-1
128,11,1789,182,67,182,1,-1,-1,-1
128,12,1186,659,88,270,1,-1,-1,-1
128,15,1673,153,60,154,1,-1,-1,-1
128,17,684,272,59,144,1,-1,-1,-1
128,19,1189,124,58,172,1,-1,-1,-1
128,21,1573,585,129,245,1,-1,-1,-1
128,22,309,276,64,188,1,-1,-1,-1
128,24,1742,671,102,248,1,-1,-1,-1
128,27,288,128,60,171,1,-1,-1,-1
128,29,443,68,57,178,1,-1,-1,-1
128,31,509,90,46,139,1,-1,-1,-1
128,32,1473,176,55,156,1,-1,-1,-1
128,33,397,265,75,190,1,-1,-1,-1
129,1,385,445,74,222,1,-1,-1,-1
129,2,335,842,82,237,1,-1,-1,-1
129,3,1719,453,73,222,1,-1,-1,-1
129,4,800,140,66,177,1,-1,-1,-1
129,5,501,265,68,180,1,-1,-1,-1
129,6,312,469,64,184,1,-1,-1,-1
129,7,909,945,66,134,1,-1,-1,-1
129,8,919,301,67,211,1,-1,-1,-1
129,9,839,312,65,196,1,-1,-1,-1
129,10,360,178,64,160,1,-1,-1,-1
129,11,1791,187,64,175,1,-1,-1,-1
129,12,1184,655,89,272,1,-1,-1,-1
129,15,1673,154,60,154,1,-1,-1,-1
129,17,685,273,58,142,1,-1,-1,-1
129,19,1189,123,60,177,1,-1,-1,-1
129,21,1573,584,128,246,1,-1,-1,-1
129,22,309,280,63,185,1,-1,-1,-1
129,24,1742,670,103,249,1,-1,-1,-1
129,27,288,127,60,172,1,-1,-1,-1
129,29,442,69,58,177,1,-1,-1,-1
129,31,508,91,47,139,1,-1,-1,-1
129,32,1473,176,55,156,1,-1,-1,-1
129,33,397,268,76,194,1,-1,-1,-1
131,1,385,450,73,217,1,-1,-1,-1
131,2,336,847,81,232,1,-1,-1,-1
131,3,1719,454,72,221,1,-1,-1,-1
131,4,800,141,65,176,1,-1,-1,-1
131,5,502,267,69,182,1,-1,-1,-1
131,6,311,471,63,180,1,-1,-1,-1
131,7,908,946,64,133,1,-1,-1,-1
131,8,919,298,67,213,1,-1,-1,-1
131,9,839,308,64,193,1,-1,-1,-1
131,10,359,177,65,160,1,-1,-1,-1
131,11,1793,183,66,181,1,-1,-1,-1
131,12,1182,652,87,268,1,-1,-1,-1
131,15,1673,156,61,153,1,-1,-1,-1
131,17,684,271,59,146,1,-1,-1,-1
131,19,1194,126,59,175,1,-1,-1,-1
131,21,1573,584,128,246,1,-1,-1,-1
131,22,309,280,63,187,1,-1,-1,-1
131,27,287,126,61,173,1,-1,-1,-1
131,29,441,67,58,178,1,-1,-1,-1
131,31,509,90,48,140,1,-1,-1,-1
131,32,1473,178,55,156,1,-1,-1,-1
131,33,397,272,75,194,1,-1,-1,-1
132,1,385,453,72,215,1,-1,-1,-1
132,2,336,850,81,229,1,-1,-1,-1
132,3,1719,454,72,221,1,-1,-1,-1
132,4,799,141,66,175,1,-1,-1,-1
132,5,503,268,69,183,1,-1,-1,-1
132,6,310,471,64,183,1,-1,-1,-1
132,7,907,947,64,132,1,-1,-1,-1
132,8,920,295,67,216,1,-1,-1,-1
132,9,840,307,63,189,1,-1,-1,-1
132,10,359,179,65,158,1,-1,-1,-1
132,11,1794,178,70,190,1,-1,-1,-1
132,12,1179,649,88,267,1,-1,-1,-1
132,15,1673,159,61,152,1,-1,-1,-1
132,17,684,271,59,146,1,-1,-1,-1
132,19,1196,131,59,170,1,-1,-1,-1
132,21,1573,585,128,245,1,-1,-1,-1
132,22,308,281,65,188,1,-1,-1,-1
132,27,287,126,61,173,1,-1,-1,-1
132,29,442,67,58,178,1,-1,-1,-1
132,31,508,88,50,142,1,-1,-1,-1
132,33,397,275,74,193,1,-1,-1,-1
134,1,384,455,71,213,1,-1,-1,-1
134,2,336,853,82,226,1,-1,-1,-1
134,3,1718,452,74,224,1,-1,-1,-1
134,4,801,141,65,176,1,-1,-1,-1
134,5,503,268,70,184,1,-1,-1,-1
134,6,311,477,64,180,1,-1,-1,-1
134,7,907,947,64,132,1,-1,-1,-1
134,8,921,293,66,213,1,-1,-1,-1
134,9,840,306,63,189,1,-1,-1,-1
134,10,359,179,65,157,1,-1,-1,-1
134,11,1795,180,71,195,1,-1,-1,-1
134,12,1178,646,84,258,1,-1,-1,-1
134,15,1674,163,61,148,1,-1,-1,-1
134,17,684,270,60,148,1,-1,-1,-1
134,19,1199,130,61,177,1,-1,-1,-1
134,21,1574,585,127,244,1,-1,-1,-1
134,22,307,280,65,192,1,-1,-1,-1
134,27,287,126,61,173,1,-1,-1,-1
134,29,442,68,58,176,1,-1,-1,-1
134,31,508,89,51,144,1,-1,-1,-1
134,33,397,278,73,189,1,-1,-1,-1
135,1,383,456,71,213,1,-1,-1,-1
135,2,338,854,82,225,1,-1,-1,-1
135,3,1719,452,73,224,1,-1,-1,-1
135,4,801,141,66,176,1,-1,-1,-1
135,5,504,268,69,185,1,-1,-1,-1
135,6,311,478,64,181,1,-1,-1,-1
135,7,907,947,64,132,1,-1,-1,-1
135,8,921,292,67,211,1,-1,-1,-1
135,9,840,304,64,192,1,-1,-1,-1
135,10,359,178,67,159,1,-1,-1,-1
135,11,1797,188,70,194,1,-1,-1,-1
135,12,1176,643,84,254,1,-1,-1,-1
135,15,1674,165,61,147,1,-1,-1,-1
135,17,684,268,61,150,1,-1,-1,-1
135,19,1199,132,62,179,1,-1,-1,-1
135,21,1575,585,127,243,1,-1,-1,-1
135,22,307,279,66,194,1,-1,-1,-1
135,24,1748,670,100,244,1,-1,-1,-1
135,27,287,127,60,172,1,-1,-1,-1
135,29,441,67,59,177,1,-1,-1,-1
135,31,507,89,53,147,1,-1,-1,-1
135,33,398,278,71,185,1,-1,-1,-1
137,1,382,457,73,217,1,-1,-1,-1
137,2,338,857,83,222,1,-1,-1,-1
137,3,1718,449,75,229,1,-1,-1,-1
137,4,801,141,66,176,1,-1,-1,-1
137,5,504,270,69,184,1,-1,-1,-1
137,6,312,482,65,183,1,-1,-1,-1
137,7,907,947,64,132,1,-1,-1,-1
137,8,922,284,66,212,1,-1,-1,-1
137,9,841,303,63,192,1,-1,-1,-1
137,10,362,179,66,156,1,-1,-1,-1
137,11,1798,193,70,194,1,-1,-1,-1
137,12,1174,638,85,258,1,-1,-1,-1
137,15,1674,167,63,152,1,-1,-1,-1
137,17,683,268,62,150,1,-1,-1,-1
137,19,1200,135,63,178,1,-1,-1,-1
137,21,1575,585,126,243,1,-1,-1,-1
137,22,307,280,66,193,1,-1,-1,-1
137,24,1747,670,102,246,1,-1,-1,-1
137,27,287,127,60,171,1,-1,-1,-1
137,29,439,67,60,179,1,-1,-1,-1
137,31,507,88,55,151,1,-1,-1,-1
137,32,1474,177,54,153,1,-1,-1,-1
137,33,399,278,69,178,1,-1,-1,-1
